10 Reserve top-16384
20 For i=0 to 2893
30 Read a:poke 16384+i,a
40 next i
50 ?"type CALL TOP to run your code."
100 END
10000 DATA 195,120,64,195,123,64,195,124,64,195
10010 DATA 131,64,195,149,64,195,164,64,195,210
10020 DATA 64,195,175,64,195,250,64,195,53,65
10030 DATA 195,135,66,195,167,65,195,105,66,195
10040 DATA 105,66,195,105,66,195,105,66,195,105
10050 DATA 66,195,105,66,195,26,66,195,61,66
10060 DATA 195,105,66,195,105,66,195,105,66,195
10070 DATA 105,66,195,37,65,195,40,65,195,106
10080 DATA 66,195,109,66,195,115,66,195,115,66
10090 DATA 195,115,66,195,115,66,195,115,66,195
10100 DATA 115,66,195,115,66,195,115,66,195,115
10110 DATA 66,195,115,66,195,115,66,195,220,73
10120 DATA 195,70,73,201,17,0,0,33,0,0
10130 DATA 201,99,229,205,250,72,225,124,50,5
10140 DATA 99,125,50,6,99,205,255,72,201,22
10150 DATA 0,58,5,99,95,38,0,58,6,99
10160 DATA 111,201,6,80,229,237,98,205,250,64
10170 DATA 225,216,24,246,201,245,213,229,95,205
10180 DATA 25,65,205,189,64,225,209,241,201,58
10190 DATA 0,99,203,95,40,16,123,254,32,216
10200 DATA 42,8,99,115,44,200,34,8,99,201
10210 DATA 30,62,123,211,0,245,197,213,229,245
10220 DATA 197,213,229,205,250,72,225,209,193,241
10230 DATA 205,55,72,205,255,72,225,209,193,241
10240 DATA 201,58,0,99,238,4,50,0,99,201
10250 DATA 229,33,11,99,126,54,0,225,183,55
10260 DATA 192,205,125,66,208,254,27,55,192,229
10270 DATA 33,0,99,203,118,32,2,203,254,225
10280 DATA 201,219,0,183,200,254,27,40,236,50
10290 DATA 11,99,201,205,25,65,58,0,99,183
10300 DATA 240,33,0,99,203,190,195,228,13,243
10310 DATA 33,246,98,62,6,119,62,187,119,33
10320 DATA 0,0,34,5,99,17,255,255,33,1
10330 DATA 99,115,35,114,35,17,0,0,115,35
10340 DATA 114,17,14,99,205,99,65,17,46,99
10350 DATA 205,99,65,24,9,33,151,65,1,16
10360 DATA 0,237,176,201,205,77,12,67,68,69
10370 DATA 83,80,32,77,111,100,117,108,97,114
10380 DATA 32,67,111,109,112,117,116,101,114,32
10390 DATA 49,46,48,10,13,10,13,0,175,17
10400 DATA 255,255,95,33,78,99,201,0,0,0
10410 DATA 248,192,7,192,255,63,0,99,248,255
10420 DATA 7,255,255,205,1,66,254,13,200,254
10430 DATA 124,200,254,46,202,16,66,235,33,20
10440 DATA 66,26,205,8,66,190,40,11,56,46
10450 DATA 203,126,35,40,251,35,35,24,238,213
10460 DATA 19,35,26,205,8,66,254,46,40,10
10470 DATA 174,40,243,254,128,40,3,209,24,226
10480 DATA 241,19,203,126,35,40,251,126,35,102
10490 DATA 111,229,235,195,1,66,62,254,205,18
10500 DATA 7,66,97,100,32,99,111,109,109,97
10510 DATA 110,100,0,126,254,32,192,35,24,249
10520 DATA 230,127,254,96,216,230,95,201,201,195
10530 DATA 0,0,66,89,197,17,66,255,62,221
10540 DATA 211,32,62,10,211,32,126,211,32,35
10550 DATA 254,13,32,248,121,211,32,120,211,32
10560 DATA 42,220,98,126,211,32,35,11,120,177
10570 DATA 32,247,201,62,221,211,32,62,20,211
10580 DATA 32,126,211,32,35,254,13,32,248,219
10590 DATA 32,79,219,32,71,42,220,98,219,32
10600 DATA 119,35,11,120,177,32,247,68,77,33
10610 DATA 222,98,113,35,112,55,201,201,195,70
10620 DATA 73,205,106,73,195,10,13,175,205,18
10630 DATA 7,83,111,114,114,121,0,219,7,230
10640 DATA 1,40,250,219,0,55,201,58,0,99
10650 DATA 203,95,40,9,203,159,50,0,99,42
10660 DATA 8,99,189,62,13,119,196,175,64,46
10670 DATA 0,77,40,32,6,0,126,4,35,254
10680 DATA 13,245,229,95,196,212,64,225,241,32
10690 DATA 241,62,32,205,175,64,30,8,229,205
10700 DATA 212,64,225,43,16,248,121,5,40,1
10710 DATA 183,204,162,64,79,17,194,66,213,58
10720 DATA 0,99,183,121,250,22,67,254,11,202
10730 DATA 90,67,254,10,202,141,67,6,0,254
10740 DATA 5,40,114,254,9,40,111,254,7,40
10750 DATA 118,254,8,202,141,67,14,0,254,16
10760 DATA 202,241,64,254,6,40,90,254,4,40
10770 DATA 87,254,2,40,94,254,1,40,110,254
10780 DATA 3,40,126,254,32,48,127,254,13,192
10790 DATA 126,205,175,64,35,214,13,32,247,209
10800 DATA 185,194,45,65,62,10,205,175,64,237
10810 DATA 91,244,98,175,111,34,8,99,186,192
10820 DATA 187,192,17,166,67,6,4,26,190,62
10830 DATA 0,192,35,19,126,254,46,40,2,16
10840 DATA 242,175,71,77,111,17,170,67,235,237
10850 DATA 176,33,0,99,203,222,201,55,44,45
10860 DATA 40,69,62,8,205,175,64,45,208,126
10870 DATA 254,13,40,57,84,93,19,26,27,18
10880 DATA 19,254,13,32,247,209,195,162,66,62
10890 DATA 13,190,200,84,30,254,19,18,27,123
10900 DATA 189,27,26,32,247,54,32,24,232,126
10910 DATA 254,13,40,17,86,119,44,40,9,205
10920 DATA 175,64,62,13,186,192,119,201,45,54
10930 DATA 13,14,0,201,69,68,73,84,76,73
10940 DATA 83,84,203,33,203,33,203,33,65,16
10950 DATA 254,201,123,211,5,122,211,5,201,175
10960 DATA 211,4,205,187,67,62,1,211,4,201
10970 DATA 22,226,205,191,67,22,30,205,187,67
10980 DATA 22,2,205,187,67,22,84,205,187,67
10990 DATA 22,224,205,191,67,22,1,205,187,67
11000 DATA 1,10,0,205,174,67,22,224,205,191
11010 DATA 67,22,3,205,187,67,1,10,0,205
11020 DATA 174,67,22,1,205,191,67,1,100,0
11030 DATA 205,174,67,22,230,205,191,67,22,3
11040 DATA 205,187,67,22,255,205,187,67,22,255
11050 DATA 205,187,67,22,230,205,191,67,22,32
11060 DATA 205,187,67,22,0,205,187,67,22,3
11070 DATA 205,187,67,22,31,205,187,67,22,1
11080 DATA 205,187,67,22,223,205,187,67,22,0
11090 DATA 205,187,67,22,180,205,191,67,22,3
11100 DATA 205,187,67,22,160,205,187,67,22,0
11110 DATA 205,187,67,22,46,205,187,67,22,48
11120 DATA 205,187,67,22,0,205,187,67,22,15
11130 DATA 205,187,67,22,0,205,187,67,22,182
11140 DATA 205,191,67,22,2,205,187,67,22,13
11150 DATA 205,187,67,22,0,205,187,67,22,16
11160 DATA 205,187,67,22,16,205,187,67,22,0
11170 DATA 205,187,67,22,8,205,187,67,22,186
11180 DATA 205,191,67,22,15,205,187,67,22,184
11190 DATA 205,191,67,22,7,205,187,67,22,1
11200 DATA 205,187,67,22,54,205,191,67,22,42
11210 DATA 205,187,67,22,240,205,191,67,22,3
11220 DATA 205,187,67,1,1,0,205,174,67,22
11230 DATA 184,205,191,67,22,15,205,187,67,22
11240 DATA 1,205,187,67,22,186,205,191,67,22
11250 DATA 1,205,187,67,33,0,0,229,229,33
11260 DATA 31,3,229,33,223,1,229,205,46,69
11270 DATA 33,8,0,57,249,22,41,205,191,67
11280 DATA 22,190,205,191,67,22,240,205,187,67
11290 DATA 22,1,205,187,67,22,240,205,187,67
11300 DATA 22,0,205,187,67,22,0,205,187,67
11310 DATA 22,208,205,191,67,22,13,205,187,67
11320 DATA 22,44,205,191,67,201,221,33,2,0
11330 DATA 221,57,22,42,205,191,67,221,86,7
11340 DATA 205,187,67,221,86,6,205,187,67,221
11350 DATA 86,3,205,187,67,221,86,2,205,187
11360 DATA 67,22,43,205,191,67,221,86,5,205
11370 DATA 187,67,221,86,4,205,187,67,221,86
11380 DATA 1,205,187,67,221,86,0,205,187,67
11390 DATA 22,44,205,191,67,201,84,205,187,67
11400 DATA 85,205,187,67,201,221,33,2,0,221
11410 DATA 57,221,102,3,221,110,2,221,86,1
11420 DATA 221,94,0,229,213,229,213,205,46,69
11430 DATA 33,8,0,57,249,42,1,99,205,116
11440 DATA 69,205,165,69,201,33,0,0,229,229
11450 DATA 33,31,3,229,33,223,1,229,205,46
11460 DATA 69,33,8,0,57,249,201,221,33,2
11470 DATA 0,221,57,221,102,5,221,110,4,221
11480 DATA 86,3,221,94,2,221,70,1,221,78
11490 DATA 0,229,33,0,0,183,237,66,56,10
11500 DATA 175,145,79,159,144,71,225,237,66,229
11510 DATA 225,229,213,9,229,213,205,46,69,33
11520 DATA 8,0,57,249,42,1,99,205,116,69
11530 DATA 11,121,176,32,248,205,165,69,201,221
11540 DATA 33,2,0,221,57,221,86,5,221,94
11550 DATA 4,221,102,3,221,110,2,221,70,1
11560 DATA 221,78,0,229,33,0,0,183,237,66
11570 DATA 56,10,175,145,79,159,144,71,225,237
11580 DATA 66,229,225,213,229,213,9,229,205,46
11590 DATA 69,33,8,0,57,249,42,1,99,205
11600 DATA 116,69,11,121,176,32,248,205,165,69
11610 DATA 201,221,33,2,0,221,57,221,102,5
11620 DATA 221,110,4,221,86,1,221,94,0,183
11630 DATA 237,82,32,26,221,70,7,221,78,6
11640 DATA 197,213,221,102,3,221,110,2,237,66
11650 DATA 229,205,187,69,33,6,0,57,249,201
11660 DATA 221,102,7,221,110,6,221,86,3,221
11670 DATA 94,2,183,237,82,32,26,213,221,70
11680 DATA 5,221,78,4,197,221,102,1,221,110
11690 DATA 0,237,66,229,205,3,70,33,6,0
11700 DATA 57,249,201,56,4,175,61,24,13,213
11710 DATA 225,221,86,7,221,94,6,183,237,82
11720 DATA 62,1,6,0,14,0,197,229,254,1
11730 DATA 40,2,6,255,79,197,221,102,5,221
11740 DATA 110,4,221,86,1,221,94,0,183,237
11750 DATA 82,56,4,175,61,24,15,213,225,221
11760 DATA 86,5,221,94,4,183,237,82,6,0
11770 DATA 62,1,254,1,40,2,6,255,79,229
11780 DATA 197,253,33,0,0,253,57,253,86,7
11790 DATA 253,94,6,183,237,82,218,158,71,202
11800 DATA 158,71,25,68,77,203,56,203,25,33
11810 DATA 0,0,237,66,253,116,9,253,117,8
11820 DATA 221,86,5,221,94,4,221,102,7,221
11830 DATA 110,6,213,221,229,229,213,229,213,205
11840 DATA 46,69,33,8,0,57,249,42,1,99
11850 DATA 205,116,69,221,225,209,221,102,1,221
11860 DATA 110,0,237,82,202,49,72,253,70,1
11870 DATA 253,78,0,235,9,221,116,5,221,117
11880 DATA 4,253,86,9,253,94,8,253,102,7
11890 DATA 253,110,6,25,253,116,9,253,117,8
11900 DATA 235,33,0,0,237,82,48,168,253,70
11910 DATA 5,253,78,4,221,102,7,221,110,6
11920 DATA 9,221,116,7,221,117,6,253,102,9
11930 DATA 253,110,8,253,70,3,253,78,2,237
11940 DATA 66,253,116,9,253,117,8,195,28,71
11950 DATA 25,66,75,203,56,203,25,33,0,0
11960 DATA 237,66,253,116,9,253,117,8,221,86
11970 DATA 5,221,94,4,221,102,7,221,110,6
11980 DATA 229,221,229,229,213,229,213,205,46,69
11990 DATA 33,8,0,57,249,42,1,99,205,116
12000 DATA 69,221,225,209,221,102,3,221,110,2
12010 DATA 237,82,40,83,235,253,70,5,253,78
12020 DATA 4,9,221,116,7,221,117,6,253,86
12030 DATA 9,253,94,8,253,102,3,253,110,2
12040 DATA 25,253,116,9,253,117,8,235,33,0
12050 DATA 0,237,82,48,169,253,70,1,253,78
12060 DATA 0,221,102,5,221,110,4,9,221,116
12070 DATA 5,221,117,4,253,102,9,253,110,8
12080 DATA 253,70,7,253,78,6,237,66,253,116
12090 DATA 9,253,117,8,195,176,71,33,10,0
12100 DATA 57,249,201,254,8,202,73,72,254,10
12110 DATA 200,254,13,32,58,33,5,99,195,238
12120 DATA 72,33,5,99,126,56,5,254,1,200
12130 DATA 53,201,254,1,40,10,53,229,62,32
12140 DATA 205,125,72,225,53,183,221,33,2,0
12150 DATA 221,57,221,102,1,221,110,0,62,0
12160 DATA 40,2,43,119,43,119,221,116,1,221
12170 DATA 117,0,201,245,50,7,99,58,5,99
12180 DATA 6,8,22,0,95,33,0,0,183,237
12190 DATA 90,16,252,229,17,8,0,237,90,43
12200 DATA 229,58,6,99,6,10,22,0,95,33
12210 DATA 0,0,237,90,16,252,209,229,213,17
12220 DATA 10,0,237,90,43,229,205,46,69,33
12230 DATA 8,0,57,249,241,33,0,75,22,0
12240 DATA 95,237,90,229,209,14,10,26,6,8
12250 DATA 203,39,56,5,42,3,99,24,3,42
12260 DATA 1,99,245,213,205,116,69,209,241,16
12270 DATA 235,20,13,32,228,33,5,99,126,60
12280 DATA 254,80,40,2,119,201,175,119,35,126
12290 DATA 60,254,47,32,1,175,119,201,42,3
12300 DATA 99,24,3,42,1,99,229,58,5,99
12310 DATA 6,8,22,0,95,33,0,0,183,237
12320 DATA 90,16,252,229,1,8,0,237,74,43
12330 DATA 229,58,6,99,6,10,22,0,95,33
12340 DATA 0,0,237,90,16,252,14,8,6,0
12350 DATA 237,74,209,229,213,35,229,205,46,69
12360 DATA 33,8,0,57,249,225,6,16,205,116
12370 DATA 69,16,251,201,205,165,69,42,3,99
12380 DATA 6,223,14,2,197,6,31,14,4,205
12390 DATA 116,69,16,251,13,32,248,193,16,240
12400 DATA 13,32,237,33,0,0,34,5,99,201
12410 DATA 205,182,30,217,253,126,0,254,13,40
12420 DATA 44,254,44,32,83,229,253,35,205,182
12430 DATA 30,217,209,123,214,128,56,7,95,221
12440 DATA 33,46,99,24,4,221,33,14,99,123
12450 DATA 254,16,48,54,221,25,221,25,221,117
12460 DATA 0,221,116,1,201,229,209,123,214,128
12470 DATA 56,10,95,221,33,46,99,33,3,99
12480 DATA 24,7,221,33,14,99,33,1,99,123
12490 DATA 254,16,48,14,221,25,221,25,221,86
12500 DATA 0,221,94,1,114,35,115,201,175,205
12510 DATA 18,7,112,97,114,97,109,32,101,114
12520 DATA 114,111,114,0,205,70,73,201,62,65
12530 DATA 205,55,72,33,5,99,52,62,66,205
12540 DATA 55,72,33,10,0,1,210,0,197,229
12550 DATA 229,197,205,75,70,33,8,0,57,249
12560 DATA 33,10,0,1,210,0,229,229,197,197
12570 DATA 205,75,70,33,8,0,57,249,33,10
12580 DATA 0,1,210,0,229,229,197,229,205,75
12590 DATA 70,33,8,0,57,249,33,10,0,1
12600 DATA 210,0,229,229,229,197,205,75,70,33
12610 DATA 8,0,57,249,201,0,0,0,0,0
12620 DATA 0,0,0,0,0,0,0,0,0,0
12630 DATA 0,0,0,0,0,0,0,0,0,0
12640 DATA 0,0,0,0,0,0,0,0,0,0
12650 DATA 0,0,0,0,0,0,0,0,0,0
12660 DATA 0,0,0,0,0,0,0,0,0,0
12670 DATA 0,0,0,0,0,0,0,0,0,0
12680 DATA 0,0,0,0,0,0,0,0,0,0
12690 DATA 0,0,0,0,0,0,0,0,0,0
12700 DATA 0,0,0,0,0,0,0,0,0,0
12710 DATA 0,0,0,0,0,0,0,0,0,0
12720 DATA 0,0,0,0,0,0,0,0,0,0
12730 DATA 0,0,0,0,0,0,0,0,0,0
12740 DATA 0,0,0,0,0,0,0,0,0,0
12750 DATA 0,0,0,0,0,0,0,0,0,0
12760 DATA 0,0,0,0,0,0,0,0,0,0
12770 DATA 0,0,0,0,0,0,0,0,0,0
12780 DATA 0,0,0,0,0,0,0,0,0,0
12790 DATA 0,0,0,0,0,0,0,0,0,0
12800 DATA 0,0,0,0,0,0,0,0,0,0
12810 DATA 0,0,0,0,0,0,0,0,0,0
12820 DATA 0,0,0,0,0,0,0,0,0,0
12830 DATA 0,0,0,0,0,0,0,0,0,0
12840 DATA 0,0,0,0,0,0,0,0,0,0
12850 DATA 0,0,0,0,0,0,0,0,0,0
12860 DATA 0,0,0,0,0,0,0,0,0,0
12870 DATA 0,0,0,0,0,0,0,0,0,0
12880 DATA 0,0,0,0,0,0,0,0,0,0
