10 Reserve top-16384
20 For i=0 to 2055
30 Read a:poke 16384+i,a
40 next i
50 ?"type CALL TOP to run your code."
100 END
10000 DATA 195,120,64,195,121,64,195,122,64,195
10010 DATA 129,64,195,130,64,195,137,64,195,140
10020 DATA 64,195,142,64,195,156,64,195,205,64
10030 DATA 195,214,64,195,238,64,195,97,65,195
10040 DATA 97,65,195,97,65,195,97,65,195,97
10050 DATA 65,195,97,65,195,97,65,195,97,65
10060 DATA 195,97,65,195,97,65,195,97,65,195
10070 DATA 97,65,195,189,64,195,192,64,195,98
10080 DATA 65,195,98,65,195,98,65,195,98,65
10090 DATA 195,98,65,195,98,65,195,98,65,195
10100 DATA 98,65,195,98,65,195,98,65,195,98
10110 DATA 65,195,98,65,195,98,65,195,189,70
10120 DATA 201,201,17,0,0,33,0,0,201,201
10130 DATA 17,0,0,33,0,0,201,219,0,201
10140 DATA 62,62,211,0,245,197,213,229,205,4
10150 DATA 70,225,209,193,241,201,43,124,181,200
10160 DATA 219,0,40,248,254,27,55,192,229,33
10170 DATA 0,99,203,118,32,2,203,254,225,201
10180 DATA 219,0,183,200,254,27,40,236,201,205
10190 DATA 180,64,58,0,99,183,240,33,0,99
10200 DATA 203,190,195,228,13,175,17,255,255,95
10210 DATA 33,8,99,201,205,114,65,40,251,183
10220 DATA 40,248,119,35,254,13,40,5,205,142
10230 DATA 64,24,237,205,143,8,167,201,205,72
10240 DATA 65,254,13,200,254,124,200,254,46,202
10250 DATA 87,65,235,33,91,65,26,205,79,65
10260 DATA 190,40,11,56,46,203,126,35,40,251
10270 DATA 35,35,24,238,213,19,35,26,205,79
10280 DATA 65,254,46,40,10,174,40,243,254,128
10290 DATA 40,3,209,24,226,241,19,203,126,35
10300 DATA 40,251,126,35,102,111,229,235,195,72
10310 DATA 65,62,254,205,18,7,66,97,100,32
10320 DATA 99,111,109,109,97,110,100,0,126,254
10330 DATA 32,192,35,24,249,230,127,254,96,216
10340 DATA 230,95,201,201,195,0,0,66,89,197
10350 DATA 88,65,255,201,175,205,18,7,83,111
10360 DATA 114,114,121,0,211,0,205,4,70,201
10370 DATA 219,7,230,1,40,250,219,0,201,203
10380 DATA 33,203,33,203,33,65,16,254,201,123
10390 DATA 211,5,122,211,5,201,175,211,4,205
10400 DATA 136,65,62,1,211,4,201,22,226,205
10410 DATA 140,65,22,30,205,136,65,22,2,205
10420 DATA 136,65,22,84,205,136,65,22,224,205
10430 DATA 140,65,22,1,205,136,65,1,10,0
10440 DATA 205,123,65,22,224,205,140,65,22,3
10450 DATA 205,136,65,1,10,0,205,123,65,22
10460 DATA 1,205,140,65,1,100,0,205,123,65
10470 DATA 22,230,205,140,65,22,3,205,136,65
10480 DATA 22,255,205,136,65,22,255,205,136,65
10490 DATA 22,230,205,140,65,22,32,205,136,65
10500 DATA 22,0,205,136,65,22,3,205,136,65
10510 DATA 22,31,205,136,65,22,1,205,136,65
10520 DATA 22,223,205,136,65,22,0,205,136,65
10530 DATA 22,180,205,140,65,22,3,205,136,65
10540 DATA 22,160,205,136,65,22,0,205,136,65
10550 DATA 22,46,205,136,65,22,48,205,136,65
10560 DATA 22,0,205,136,65,22,15,205,136,65
10570 DATA 22,0,205,136,65,22,182,205,140,65
10580 DATA 22,2,205,136,65,22,13,205,136,65
10590 DATA 22,0,205,136,65,22,16,205,136,65
10600 DATA 22,16,205,136,65,22,0,205,136,65
10610 DATA 22,8,205,136,65,22,186,205,140,65
10620 DATA 22,15,205,136,65,22,184,205,140,65
10630 DATA 22,7,205,136,65,22,1,205,136,65
10640 DATA 22,54,205,140,65,22,42,205,136,65
10650 DATA 22,240,205,140,65,22,3,205,136,65
10660 DATA 1,1,0,205,123,65,22,184,205,140
10670 DATA 65,22,15,205,136,65,22,1,205,136
10680 DATA 65,22,186,205,140,65,22,1,205,136
10690 DATA 65,33,0,0,229,229,33,31,3,229
10700 DATA 33,223,1,229,205,251,66,33,8,0
10710 DATA 57,249,22,41,205,140,65,22,190,205
10720 DATA 140,65,22,240,205,136,65,22,1,205
10730 DATA 136,65,22,240,205,136,65,22,0,205
10740 DATA 136,65,22,0,205,136,65,22,208,205
10750 DATA 140,65,22,13,205,136,65,22,44,205
10760 DATA 140,65,201,221,33,2,0,221,57,22
10770 DATA 42,205,140,65,221,86,7,205,136,65
10780 DATA 221,86,6,205,136,65,221,86,3,205
10790 DATA 136,65,221,86,2,205,136,65,22,43
10800 DATA 205,140,65,221,86,5,205,136,65,221
10810 DATA 86,4,205,136,65,221,86,1,205,136
10820 DATA 65,221,86,0,205,136,65,22,44,205
10830 DATA 140,65,201,84,205,136,65,85,205,136
10840 DATA 65,201,221,33,2,0,221,57,221,102
10850 DATA 3,221,110,2,221,86,1,221,94,0
10860 DATA 229,213,229,213,205,251,66,33,8,0
10870 DATA 57,249,42,1,99,205,65,67,205,114
10880 DATA 67,201,33,0,0,229,229,33,31,3
10890 DATA 229,33,223,1,229,205,251,66,33,8
10900 DATA 0,57,249,201,221,33,2,0,221,57
10910 DATA 221,102,5,221,110,4,221,86,3,221
10920 DATA 94,2,221,70,1,221,78,0,229,33
10930 DATA 0,0,183,237,66,56,10,175,145,79
10940 DATA 159,144,71,225,237,66,229,225,229,213
10950 DATA 9,229,213,205,251,66,33,8,0,57
10960 DATA 249,42,1,99,205,65,67,11,121,176
10970 DATA 32,248,205,114,67,201,221,33,2,0
10980 DATA 221,57,221,86,5,221,94,4,221,102
10990 DATA 3,221,110,2,221,70,1,221,78,0
11000 DATA 229,33,0,0,183,237,66,56,10,175
11010 DATA 145,79,159,144,71,225,237,66,229,225
11020 DATA 213,229,213,9,229,205,251,66,33,8
11030 DATA 0,57,249,42,1,99,205,65,67,11
11040 DATA 121,176,32,248,205,114,67,201,221,33
11050 DATA 2,0,221,57,221,102,5,221,110,4
11060 DATA 221,86,1,221,94,0,183,237,82,32
11070 DATA 26,221,70,7,221,78,6,197,213,221
11080 DATA 102,3,221,110,2,237,66,229,205,136
11090 DATA 67,33,6,0,57,249,201,221,102,7
11100 DATA 221,110,6,221,86,3,221,94,2,183
11110 DATA 237,82,32,26,213,221,70,5,221,78
11120 DATA 4,197,221,102,1,221,110,0,237,66
11130 DATA 229,205,208,67,33,6,0,57,249,201
11140 DATA 56,4,175,61,24,13,213,225,221,86
11150 DATA 7,221,94,6,183,237,82,62,1,6
11160 DATA 0,14,0,197,229,254,1,40,2,6
11170 DATA 255,79,197,221,102,5,221,110,4,221
11180 DATA 86,1,221,94,0,183,237,82,56,4
11190 DATA 175,61,24,15,213,225,221,86,5,221
11200 DATA 94,4,183,237,82,6,0,62,1,254
11210 DATA 1,40,2,6,255,79,229,197,253,33
11220 DATA 0,0,253,57,253,86,7,253,94,6
11230 DATA 183,237,82,218,107,69,202,107,69,25
11240 DATA 68,77,203,56,203,25,33,0,0,237
11250 DATA 66,253,116,9,253,117,8,221,86,5
11260 DATA 221,94,4,221,102,7,221,110,6,213
11270 DATA 221,229,229,213,229,213,205,251,66,33
11280 DATA 8,0,57,249,42,1,99,205,65,67
11290 DATA 221,225,209,221,102,1,221,110,0,237
11300 DATA 82,202,254,69,253,70,1,253,78,0
11310 DATA 235,9,221,116,5,221,117,4,253,86
11320 DATA 9,253,94,8,253,102,7,253,110,6
11330 DATA 25,253,116,9,253,117,8,235,33,0
11340 DATA 0,237,82,48,168,253,70,5,253,78
11350 DATA 4,221,102,7,221,110,6,9,221,116
11360 DATA 7,221,117,6,253,102,9,253,110,8
11370 DATA 253,70,3,253,78,2,237,66,253,116
11380 DATA 9,253,117,8,195,233,68,25,66,75
11390 DATA 203,56,203,25,33,0,0,237,66,253
11400 DATA 116,9,253,117,8,221,86,5,221,94
11410 DATA 4,221,102,7,221,110,6,229,221,229
11420 DATA 229,213,229,213,205,251,66,33,8,0
11430 DATA 57,249,42,1,99,205,65,67,221,225
11440 DATA 209,221,102,3,221,110,2,237,82,40
11450 DATA 83,235,253,70,5,253,78,4,9,221
11460 DATA 116,7,221,117,6,253,86,9,253,94
11470 DATA 8,253,102,3,253,110,2,25,253,116
11480 DATA 9,253,117,8,235,33,0,0,237,82
11490 DATA 48,169,253,70,1,253,78,0,221,102
11500 DATA 5,221,110,4,9,221,116,5,221,117
11510 DATA 4,253,102,9,253,110,8,253,70,7
11520 DATA 253,78,6,237,66,253,116,9,253,117
11530 DATA 8,195,125,69,33,10,0,57,249,201
11540 DATA 254,8,202,22,70,254,10,200,254,13
11550 DATA 32,51,33,5,99,195,182,70,33,5
11560 DATA 99,126,254,1,40,10,53,229,62,32
11570 DATA 205,67,70,225,53,183,221,33,2,0
11580 DATA 221,57,221,102,1,221,110,0,62,0
11590 DATA 40,2,43,119,43,119,221,116,1,221
11600 DATA 117,0,201,245,50,7,99,14,1,58
11610 DATA 5,99,6,8,22,0,95,33,0,0
11620 DATA 237,90,16,252,229,60,13,40,239,58
11630 DATA 6,99,14,1,6,10,22,0,95,33
11640 DATA 0,0,237,90,16,252,13,32,7,209
11650 DATA 229,27,213,60,24,234,43,229,205,251
11660 DATA 66,33,8,0,57,249,241,33,0,72
11670 DATA 22,0,95,237,90,229,209,14,10,26
11680 DATA 6,7,203,39,56,5,42,3,99,24
11690 DATA 3,42,1,99,245,213,205,65,67,209
11700 DATA 241,16,235,20,13,32,228,33,5,99
11710 DATA 126,60,254,80,40,2,119,201,175,119
11720 DATA 35,126,60,119,201,62,65,205,4,70
11730 DATA 33,5,99,52,62,66,205,4,70,201
11740 DATA 33,10,0,1,210,0,197,229,229,197
11750 DATA 205,24,68,33,8,0,57,249,33,10
11760 DATA 0,1,210,0,229,229,197,197,205,24
11770 DATA 68,33,8,0,57,249,33,10,0,1
11780 DATA 210,0,229,229,197,229,205,24,68,33
11790 DATA 8,0,57,249,33,10,0,1,210,0
11800 DATA 229,229,229,197,205,24,68,33,8,0
11810 DATA 57,249,201,0,0,0,0,0,0,0
11820 DATA 0,0,0,0,0,0,0,0,0,0
11830 DATA 0,0,0,0,0,0,0,0,0,0
11840 DATA 0,0,0,0,0,0,0,0,0,0
11850 DATA 0,0,0,0,0,0,0,0,0,0
11860 DATA 0,0,0,0,0,0,0,0,0,0
11870 DATA 0,0,0,0,0,0,0,0,0,0
11880 DATA 0,0,0,0,0,0,0,0,0,0
11890 DATA 0,0,0,0,0,0,0,0,0,0
11900 DATA 0,0,0,0,0,0,0,0,0,0
11910 DATA 0,0,0,0,0,0,0,0,0,0
11920 DATA 0,0,0,0,0,0,0,0,0,0
11930 DATA 0,0,0,0,0,0,0,0,0,0
11940 DATA 0,0,0,0,0,0,0,0,0,0
11950 DATA 0,0,0,0,0,0,0,0,0,0
11960 DATA 0,0,0,0,0,0,0,0,0,0
11970 DATA 0,0,0,0,0,0,0,0,0,0
11980 DATA 0,0,0,0,0,0,0,0,0,0
11990 DATA 0,0,0,0,0,0,0,0,0,0
12000 DATA 0,0,0,0,0,0,0,0,0,0
12010 DATA 0,0,0,0,0,0,0,0,0,0
12020 DATA 0,0,0,0,0,0,0,0,0,0
12030 DATA 0,0,0,0,0,0,0,0,0,0
12040 DATA 0,0,0,0,0,0,0,0,0,85
